50007.710629 50006.581433 50003.855314 50001.129195 50000.000000 50001.129196 50003.855315 50006.581434 50007.710629 50006.581433 50003.855314 50001.129195 50000.000000 50001.129196 50003.855316 50006.581434 50007.710629 
50006.581433 50005.452238 50002.726119 50000.000000 49998.870804 50000.000000 50002.726119 50005.452238 50006.581433 50005.452237 50002.726118 49999.999999 49998.870804 50000.000001 50002.726120 50005.452239 50006.581433 
50003.855314 50002.726119 50000.000000 49997.273881 49996.144685 49997.273881 50000.000000 50002.726119 50003.855314 50002.726118 49999.999999 49997.273880 49996.144685 49997.273882 50000.000001 50002.726120 50003.855314 
50001.129195 50000.000000 49997.273881 49994.547762 49993.418566 49994.547762 49997.273881 50000.000000 50001.129195 49999.999999 49997.273880 49994.547761 49993.418566 49994.547763 49997.273882 50000.000001 50001.129195 
50000.000000 49998.870804 49996.144685 49993.418566 49992.289371 49993.418567 49996.144686 49998.870805 50000.000000 49998.870804 49996.144685 49993.418566 49992.289371 49993.418567 49996.144687 49998.870805 50000.000000 
50001.129196 50000.000000 49997.273881 49994.547762 49993.418567 49994.547763 49997.273882 50000.000001 50001.129196 50000.000000 49997.273880 49994.547762 49993.418567 49994.547763 49997.273882 50000.000001 50001.129196 
50003.855315 50002.726119 50000.000000 49997.273881 49996.144686 49997.273882 50000.000001 50002.726120 50003.855315 50002.726119 50000.000000 49997.273881 49996.144686 49997.273882 50000.000002 50002.726120 50003.855315 
50006.581434 50005.452238 50002.726119 50000.000000 49998.870805 50000.000001 50002.726120 50005.452239 50006.581434 50005.452238 50002.726119 50000.000000 49998.870805 50000.000001 50002.726121 50005.452239 50006.581434 
50007.710629 50006.581433 50003.855314 50001.129195 50000.000000 50001.129196 50003.855315 50006.581434 50007.710629 50006.581433 50003.855314 50001.129195 50000.000000 50001.129196 50003.855316 50006.581434 50007.710629 
50006.581433 50005.452237 50002.726118 49999.999999 49998.870804 50000.000000 50002.726119 50005.452238 50006.581433 50005.452237 50002.726118 49999.999999 49998.870804 50000.000000 50002.726120 50005.452238 50006.581433 
50003.855314 50002.726118 49999.999999 49997.273880 49996.144685 49997.273880 50000.000000 50002.726119 50003.855314 50002.726118 49999.999998 49997.273880 49996.144685 49997.273881 50000.000000 50002.726119 50003.855314 
50001.129195 49999.999999 49997.273880 49994.547761 49993.418566 49994.547762 49997.273881 50000.000000 50001.129195 49999.999999 49997.273880 49994.547761 49993.418566 49994.547762 49997.273882 50000.000000 50001.129195 
50000.000000 49998.870804 49996.144685 49993.418566 49992.289371 49993.418567 49996.144686 49998.870805 50000.000000 49998.870804 49996.144685 49993.418566 49992.289371 49993.418567 49996.144687 49998.870805 50000.000000 
50001.129196 50000.000001 49997.273882 49994.547763 49993.418567 49994.547763 49997.273882 50000.000001 50001.129196 50000.000000 49997.273881 49994.547762 49993.418567 49994.547764 49997.273883 50000.000002 50001.129196 
50003.855316 50002.726120 50000.000001 49997.273882 49996.144687 49997.273882 50000.000002 50002.726121 50003.855316 50002.726120 50000.000000 49997.273882 49996.144687 49997.273883 50000.000002 50002.726121 50003.855316 
50006.581434 50005.452239 50002.726120 50000.000001 49998.870805 50000.000001 50002.726120 50005.452239 50006.581434 50005.452238 50002.726119 50000.000000 49998.870805 50000.000002 50002.726121 50005.452240 50006.581434 
50007.710629 50006.581433 50003.855314 50001.129195 50000.000000 50001.129196 50003.855315 50006.581434 50007.710629 50006.581433 50003.855314 50001.129195 50000.000000 50001.129196 50003.855316 50006.581434 50007.710629 
